"PU_ID","1","2","3","4","5","6","7","8","9","10","11","12","13","14","15","16","17","18","19","20","21","22","23","24","25","26","27","28"
38257,0.838315149807423,0.0285530404952971,0.0184084606590849,0.0202949944049107,0.0124799149562838,0.0107190875505069,0.0119590759518578,0.0063667766974132,0.0078028106146028,0.00461997797243595,0.0048372479307247,0.00351201239916177,0.00398165475613035,0.00293134167522467,0.0026753632203143,0.00235905518996686,0.00222433645858794,0.00189794899555068,0.00215322315040032,0.00193215637611016,0.00182648056118142,0.00153477124949842,0.00156167262325512,0.00181336844884528,0.00128139182243922,0.00123141268741277,0.00149730348508304,0.0012299698602964
38258,0.818730766594764,0.0314356943148277,0.0203790157572795,0.023113980427861,0.0138709147357576,0.01193003920338,0.0136020267618448,0.00711409859094236,0.00886725152614588,0.00517244651892512,0.00549297508559586,0.00393770451095717,0.00452022491779361,0.00332664294888408,0.00300342241562135,0.00267658108841039,0.00249899289519245,0.00215297667392473,0.00244283112051074,0.00219181499692286,0.00205352862469429,0.00174069103972657,0.00175674776310669,0.00205694971447974,0.00144235311283427,0.00139640130726138,0.0016981633414536,0.00139476401090229
38483,0.925600378286424,0.0141029568921826,0.0088295871846076,0.00911341879080043,0.00586251190806508,0.00499990532652236,0.00530844905965056,0.00290991485308415,0.00343832046528231,0.0020904050744069,0.00211771274966381,0.00157739854292985,0.00173925716018605,0.00127650716707606,0.00119399661947907,0.00102532238914163,0.000988899376003723,0.00082348941185376,0.000935162335892412,0.000838444295806421,0.000809003858740684,0.00066490697270883,0.00068984545202107,0.000786525314823432,0.000564272557626968,0.000532734223511406,0.00064856746737036,0.000532106264138411
38484,0.862749787943998,0.0245922214565798,0.0157350905069089,0.0173179750432441,0.010609642682762,0.00909582090485119,0.0101361646530201,0.00537367696650837,0.00658521547682003,0.00388895480113032,0.00406688090696614,0.00295050466031293,0.00334317294035264,0.00245682137899583,0.00224380711991486,0.00197494697135256,0.00186361987837216,0.00158731149542705,0.00180183879067139,0.00161604789781137,0.00152876052557146,0.00128243633451804,0.0013061707512938,0.00151627314838102,0.00107084978480914,0.00102810441485052,0.00125100703112683,0.00102689553344905
38485,0.849111225486433,0.0266016492547822,0.0170879311272045,0.0194288859291521,0.0115543446805694,0.00991524094974036,0.011326936239785,0.00587407291653071,0.00734056013340246,0.00425696038276193,0.00452336011892583,0.00323298324499093,0.00371561027516497,0.00272765660307184,0.00246078358339627,0.00219123508619302,0.00204491552655431,0.0017601198050275,0.00199866341173283,0.00179206632780535,0.00167834265528862,0.00142132649985245,0.00143450921175152,0.0016811552732418,0.00117657427331762,0.00113890859807992,0.00138641569626203,0.00113756670898102
38712,0.946759740762293,0.0102249321536254,0.00634254589680381,0.00662551824835759,0.004184000158956,0.00356060725270073,0.00381639463241038,0.00205940227608774,0.00245466725336571,0.00147492382798269,0.00150253813590117,0.0011104951039133,0.00123141717683627,0.00090114763344864,0.000838977756802303,0.000722515141607639,0.00069406714472894,0.000579349004239353,0.000658519009557591,0.000589944825357162,0.000567177378548982,0.000467118348007783,0.00048324953484563,0.000553167937253875,0.000394917939570949,0.000373769985857865,0.000455568549495312,0.000373326931444075
38713,0.948001070350482,0.00987877804719118,0.00613708645180697,0.00661349572992391,0.00405272643736452,0.00345010959840351,0.00378600889112137,0.00199750066658189,0.00242578618399196,0.00143129352240313,0.00147984901484829,0.00107803086413586,0.00121142870730969,0.00088511405110816,0.000814701227566979,0.000708963451597367,0.000674108163239667,0.000567983467251124,0.000645921647014314,0.000578411028213955,0.000550965519474912,0.000457603123481578,0.000469497250623821,0.000542222786169974,0.000383736463489875,0.000365895635916858,0.000446251111907401,0.000365460607379398
38944,0.990384688707255,0.00197650931108198,0.00118804558757795,0.00117187803554499,0.000766952358597504,0.000648000128122248,0.000666001550280685,0.000367234403072694,0.000424808326961167,0.000260426176028627,0.000258134586718439,0.000194680556370074,0.000211030844670472,0.000153902844338488,0.000146183290174149,0.000123133637079767,0.000120491026361234,9.85477154099018e-05,0.00011213496114762,0.000100364904062612,9.81150787402667e-05,7.93257001299265e-05,8.33829047513538e-05,9.40593919059073e-05,6.79413899665116e-05,6.33759449313478e-05,7.73503060679265e-05,6.33003326512547e-05
38945,0.982364241037558,0.00347584171730474,0.00212176301786307,0.00223024043335154,0.00138422538125185,0.0011736273183553,0.00126456154473409,0.000671702622838491,0.000805450454116858,0.00047861149200752,0.000488822386767291,0.00035901715357639,0.00039945478894799,0.000291149484039874,0.000270374546058803,0.000232857585314208,0.000223247464013205,0.000186303575733719,0.000212028582470883,0.000189743687294736,0.000182097090554862,0.000149922634337053,0.000154944366700617,0.000177807307558938,0.000126428221079217,0.000119747190935666,0.000146184747228802,0.000119604168005868
38946,0.96294637550594,0.00704466696303976,0.00436318499102954,0.00478270131392209,0.00287522869459414,0.00244596860407571,0.00271906170097945,0.00141328401701249,0.00173472724071794,0.00101168159736795,0.00105430654501089,0.000761438934711588,0.000861974869599082,0.00062868607100536,0.000575089195351636,0.000503022809775159,0.000475670168310207,0.000402604637221431,0.000458100979169855,0.000410026976792536,0.000388638456772324,0.00032408927889387,0.000331087006267707,0.000384271816074465,0.000270528398594828,0.000258935963968132,0.000316020178573554,0.000258627085228038
39183,0.991517815959297,0.0018780436366733,0.00109628531114392,0.00096673714502268,0.000693969990986801,0.000582574392859421,0.000551334055743776,0.000324269684536243,0.000352425517851432,0.000227989896102689,0.000214555098072351,0.000169382463332886,0.000175515714697199,0.000128114729995744,0.000126520726021561,0.000102556975060769,0.000103957699078798,8.21194409570777e-05,9.34159434488626e-05,8.36305325829286e-05,8.43974654738689e-05,6.61298390987972e-05,7.15693395690537e-05,7.83867838086065e-05,5.81703841624374e-05,5.28540934234263e-05,6.44860422863993e-05,5.27911387116453e-05
39184,0.999142196146708,0.000180375946375505,0.000107123271710737,0.000104374481894051,6.85947916752276e-05,5.78010073385008e-05,5.88982682937577e-05,3.25120005940879e-05,3.74044661834845e-05,2.29732165724192e-05,2.26423305600422e-05,1.71290264138617e-05,1.84867544689439e-05,1.34583003809424e-05,1.28335972234639e-05,1.07558477547262e-05,1.05640886320479e-05,8.59982990783499e-06,9.79094896434925e-06,8.75907509733863e-06,8.5913587906487e-06,6.91650641341241e-06,7.29466290016062e-06,8.20658456159513e-06,5.9375311042969e-06,5.52146416948799e-06,6.74364054467293e-06,5.51485476595548e-06
39185,0.993332064421665,0.00131731355361872,0.000797538549314356,0.000875812361262724,0.00051738600141458,0.000437850131150635,0.00048760993301919,0.000249273704218909,0.000307133928946957,0.000177162871365218,0.000184599990958539,0.000132648067834398,0.000150358563482666,0.000109100057271242,9.97389567055467e-05,8.70156860457527e-05,8.22761792660502e-05,6.94474999483953e-05,7.91473828916653e-05,7.07434439150701e-05,6.70493020060087e-05,5.57658902697696e-05,5.70138679631163e-05,6.62484368723324e-05,4.64856970451092e-05,4.44531523962665e-05,5.43627540159243e-05,4.43996151354654e-05
39423,0.933095532718378,0.0164820538581801,0.00926935051322642,0.00651324277405227,0.00572694683874526,0.00477005195819185,0.00381474066251251,0.00259821187132557,0.00247939278524815,0.0018082453773215,0.00153179461493874,0.00133367819048413,0.00125937195236656,0.000925649446771858,0.00099009327861203,0.000744177810016762,0.000810561172486296,0.000598172978464564,0.000678978446356057,0.000608997449210108,0.000655753743524045,0.000483324077414151,0.000554685364185113,0.000571413600447798,0.000449544298776763,0.000387503083521986,0.000471483533081421,0.000387047602160328
39424,0.970541879142285,0.00684018427488993,0.00393135983331943,0.00312779379935177,0.0024633525319786,0.00206108740097696,0.00180704741823757,0.00113674209412199,0.0011644454181928,0.000795764692915967,0.000713948368634802,0.000589369585640651,0.000585450275734779,0.000428763028224431,0.00043907504302771,0.00034393527279059,0.000360208655947821,0.000275903101820782,0.00031352988276508,0.000280939733549592,0.00029199511586133,0.000222539127128774,0.000247345679899785,0.000263457063329054,0.000200790124980602,0.000178129270996314,0.000217045628983983,0.00017791843441406
39425,0.976269403765108,0.00444322418590766,0.0027289355984099,0.00333762550115128,0.00178786203308179,0.00151798463673331,0.00183145303624645,0.000872254071270111,0.00114353603530112,0.000622712633673056,0.000682152674708109,0.000467765651075202,0.000554217556387684,0.000400750026227302,0.000352695242297093,0.000318950447962971,0.000291428910867592,0.000254074542570504,0.000289871641339849,0.00025885383104643,0.000237875757817892,0.000203684994741648,0.000202507352618149,0.000242281329121551,0.000165333017874433,0.000162118801696465,0.000198524404784065,0.000161922319980459
39426,0.978540861429689,0.00401399108058095,0.00246140767704848,0.00305085517663711,0.00161082947478438,0.00136717660863269,0.00166580933497764,0.000784785698285984,0.00103702732460953,0.000559986598006776,0.000617046968515749,0.000420494090085572,0.000500896350277829,0.000361773468725006,0.000316953531487169,0.000287724809473275,0.000261846805202667,0.000229055455201106,0.000261421053153508,0.00023337558997164,0.000213691076119462,0.000183527005199992,0.000181894777911718,0.000218396609440893,0.000148481968900697,0.000146000465242883,0.000178866424007234,0.000145823147831292
39427,0.956400187384481,0.00777046615230365,0.00482305724566515,0.00657413126057385,0.00318302505648866,0.00270916829991633,0.00354198891370941,0.00156759647468127,0.00218760995353278,0.00112292600269874,0.00129290231349182,0.000845595425547262,0.00104717181633268,0.000754003330945264,0.000638927683566997,0.000598546945994581,0.000528610729939691,0.00047570499682054,0.000543434240034093,0.000484739862655161,0.000432001717850766,0.00038060014388778,0.000368096138292635,0.000453421312651621,0.000300831596053642,0.000302373873886835,0.000370876504366809,0.000302004623630918
39665,0.839669471401608,0.0431340945368686,0.0232163626674106,0.0131099675699339,0.0139524880276932,0.0115194146155184,0.00883967640236368,0.00612645478210132,0.00569121372559777,0.00421687019795766,0.00348671327525562,0.00308594278186798,0.00285841205913224,0.00209263607796125,0.00227595962136299,0.00167824354513031,0.00185605312179513,0.00134600603236018,0.00152974532285354,0.00137059909336452,0.00149602621624334,0.00108547538058512,0.00126209900612793,0.00128523655067084,0.00101977656880789,0.000868715511754868,0.00105865933754355,0.000867686570129737
39666,0.886565646642862,0.0294380558517307,0.0161548452474939,0.0100442812925272,0.00982685550271448,0.0081443347910093,0.00627936794826489,0.00437648971560395,0.00406968228248836,0.00302674515998626,0.00250794018519508,0.0022224541726208,0.002060129941852,0.00151239718329186,0.00164373185227701,0.00121498915995671,0.00134269640051759,0.000975960348800258,0.00110821982312305,0.000993673059175577,0.00108396094650759,0.0007881148335104,0.000915503537092809,0.000932178426342997,0.000740683682396916,0.000631523944177534,0.000768758162039748,0.000630779906441245
39667,0.910488207385387,0.0152396378015484,0.00963459926771577,0.0137046639505941,0.00644105951855087,0.00550605994629189,0.00743698391403603,0.00322585222388883,0.00461283664784603,0.00232494693404466,0.0027361246209612,0.00175857648462663,0.00221876628417945,0.0016002233538326,0.00133387660049982,0.00127157462879911,0.0011061206409344,0.0010115057931209,0.00115493833061305,0.00103064555586575,0.000905985383060669,0.000809907326816556,0.000773214172968366,0.000964290712326101,0.000633099736760453,0.000643902316688214,0.000789282171071925,0.000643118296970896
39668,0.931262930801624,0.0118938634905455,0.00746180215012397,0.0105360771921301,0.00496149607850084,0.00423351779508569,0.00568407270823232,0.00246730765815659,0.00351334161962364,0.00177365668983394,0.00207779752470749,0.00133905008192746,0.00168325897256169,0.0012123733197539,0.00101401519536759,0.000962588832821617,0.000840050592078578,0.00076515743521967,0.000874017702454041,0.000779679922152398,0.000687404202236222,0.000612270255582983,0.000586262205407627,0.000729337842097108,0.000479644548961693,0.000486490968839938,0.000596637018288091,0.000485897195685001
39669,0.941677952436442,0.0101222253958629,0.00632263652720106,0.00907497421122136,0.00419116522870819,0.00357252298492259,0.00485293775734507,0.00207593227565513,0.00298409820389285,0.00149014964417461,0.00175706382625934,0.00112382176750036,0.00142135049184122,0.00102169954482904,0.000850256330081588,0.000810215400159941,0.000704000480729036,0.000643344007729078,0.000735320801498842,0.000655609268617883,0.00057577094047521,0.000514316729347508,0.000490865733303628,0.000613098474868851,0.00040141920446196,0.000408309395694918,0.000501133646144441,0.000407809291031251
39670,0.956400187384481,0.00777046615230365,0.00482305724566515,0.00657413126057385,0.00318302505648866,0.00270916829991633,0.00354198891370941,0.00156759647468127,0.00218760995353278,0.00112292600269874,0.00129290231349182,0.000845595425547262,0.00104717181633268,0.000754003330945264,0.000638927683566997,0.000598546945994581,0.000528610729939691,0.00047570499682054,0.000543434240034093,0.000484739862655161,0.000432001717850766,0.00038060014388778,0.000368096138292635,0.000453421312651621,0.000300831596053642,0.000302373873886835,0.000370876504366809,0.000302004623630918
39914,0.661604506823367,0.099268338422069,0.0503652839381422,0.0263025214070821,0.0292064075060279,0.0238465825173182,0.0180514264664047,0.0123120561401356,0.0114046459680214,0.00836116495558033,0.00687264516483157,0.00606140982711357,0.00560278021797611,0.00407029837156861,0.00443553783901931,0.00324879424762249,0.00360057031507426,0.00259459389751921,0.00295587632997696,0.00264287457661233,0.00288947816594188,0.00208464587933481,0.00243005145933192,0.00247539593777961,0.00195651007440111,0.00166263979551048,0.00203232191366183,0.00166064184257512
39915,0.720400128491519,0.0802115828540358,0.0413627279838301,0.0218449225449134,0.0242184716295371,0.0198330175171442,0.0150679092876483,0.0103208709634498,0.00956745607744488,0.00703386994832874,0.00579064159709886,0.00511182229669765,0.00472762953093025,0.0034414512751893,0.00374834634471765,0.00275027885127478,0.00304640349132084,0.0021988960589095,0.00250351033815526,0.00223962048886752,0.00244754823506825,0.00176842476434806,0.00206006556966344,0.00209833061908695,0.0016601584954634,0.00141169261847045,0.00172421958532721,0.00141000254155948
39916,0.793811797036123,0.0571096604720566,0.0301909955711034,0.0162260970908701,0.0179447426715501,0.0147641910128459,0.0112813630101906,0.00777939359506192,0.00722018715306647,0.00533184860221528,0.00440036279857391,0.00389023921976729,0.00360101273197244,0.00262982581248681,0.00286199427048217,0.00210585556272034,0.00233053679328776,0.00168667124411327,0.00191838992050249,0.00171767060445995,0.00187584591668353,0.00135858762876236,0.0015809446094555,0.00161009310317867,0.00127594857044721,0.00108609253752467,0.0013248523417179,0.00108480011877998
39917,0.831647945064123,0.0453197290785443,0.0243927518955325,0.0136717257846951,0.0146594702908673,0.0121031113582897,0.00928758894787284,0.0064368865028444,0.00597959147958292,0.00443054194095764,0.0036633874596367,0.0032423096468759,0.00300324978432065,0.00219867140208842,0.0023912840768157,0.00176328131168052,0.00195010062314498,0.00141420909328489,0.0016072585812978,0.00144004830177868,0.00157183090412613,0.00114047717235608,0.0013260504397311,0.00135036037973301,0.00107144935613562,0.000912733930357767,0.0011123023417806,0.000911652851545537
39918,0.864006306922339,0.0220854249818541,0.0141652002792379,0.0215497005093783,0.00956758926631586,0.00820726246118311,0.0116625209120235,0.00485696282554166,0.00722212234979401,0.00351796703992993,0.00427796904522556,0.00267069317608499,0.00346748861311271,0.00249927254245975,0.0020321022771807,0.00198522375188089,0.00168833178165561,0.00157866221044034,0.00180286263360631,0.00160857596457746,0.00138540277928492,0.00126365587507188,0.00118395584686337,0.00150487430520608,0.000970908767998754,0.00100437550498561,0.00123143616453451,0.00100315121223366
39919,0.879845390167926,0.0194507023945622,0.012409383624403,0.019699246838139,0.0083499598734269,0.0071535322663521,0.0104808910250921,0.00421763375609766,0.00642555611045736,0.00304925287972747,0.00377390784771827,0.00231172412111019,0.00305029850840824,0.00219013697112508,0.00175690419723952,0.001735593040644,0.00145865464892102,0.00137728691578136,0.00157473877409581,0.0014036114765209,0.00119611342026658,0.00110047763899916,0.00102168014702593,0.00131237994263608,0.000837350698793311,0.000873228225184963,0.00107220794328898,0.00087215654605692
39920,0.891184371876201,0.0174894907950497,0.011112941218957,0.018488827573176,0.00745603430432184,0.00638143132436998,0.0096688305149711,0.00375178178270005,0.00586864846742509,0.00270865859766862,0.00341798431479749,0.00205140186519695,0.00275496476880584,0.00197065107251577,0.00155767847932243,0.00155808512773815,0.0012925572685516,0.00123392200713917,0.00141243712907078,0.00125770404278695,0.00105936233927556,0.000984199862716183,0.00090453123425856,0.00117530816978052,0.000741015306980612,0.000779704737335666,0.000958734261525147,0.000778741557361932
39921,0.860241072602156,0.0215455011239596,0.0138082883183167,0.0248618302774472,0.00932138895646759,0.00799456899388733,0.012839756390435,0.004728528143855,0.00773742702942475,0.00342401791268767,0.004479479858994,0.00259885629618458,0.00360345104094958,0.00257072370989398,0.00197710389351921,0.00202924554454066,0.00164246752098449,0.00160476446523395,0.00183841210560864,0.00163587488847128,0.00134763251912103,0.00127841420482227,0.00115159365053547,0.00152811113533973,0.000944290426170514,0.00101164267152336,0.00124516906052257,0.00101038725894801
40173,0.615751841349299,0.116750169498425,0.0576960357864221,0.0295970607068736,0.032946752824532,0.0267740848288295,0.0201518258232333,0.0136535183896404,0.0126322948203425,0.00922099495540238,0.00756111689529357,0.00665911150525026,0.00615003807035544,0.00445395629271725,0.0048574579106932,0.00354821185621219,0.00393574108500978,0.0028288867380913,0.00322590729904322,0.00288190980175907,0.00315289816907498,0.00226951683307546,0.00264826234068056,0.00269802615023579,0.00212916400015059,0.00180760338453191,0.00221219388734221,0.00180541879748367
40174,0.666252934389277,0.0990760010326381,0.0498269807492169,0.025865112962805,0.0287449218073249,0.0234324462949438,0.0177035948908627,0.0120475972968258,0.0111551961650843,0.00816619533695741,0.00670686923919435,0.00591232907206934,0.00546340006235914,0.00396482328023471,0.00432176240871012,0.00316253805365111,0.00350598786615832,0.00252423555156149,0.00287666959983541,0.00257132358804788,0.00281188464641993,0.00202708712574079,0.00236378203831495,0.00240799589412109,0.00190222866041914,0.00161597465295979,0.00197609835825971,0.00161402897600697
40175,0.707841015852349,0.0847904726321103,0.0433589133513773,0.0227663943974381,0.0252607065045942,0.0206545775821318,0.0156624939532452,0.0107044891890599,0.00991916395455412,0.00728185542414362,0.00598994735462683,0.00528523356192404,0.00488661455614851,0.00355345054254831,0.00387136378631709,0.00283794824255121,0.00314441157403419,0.00226768051432237,0.00258266702557156,0.00230978262030966,0.00252478789946059,0.00182282650677193,0.00212417507715707,0.00216372528788446,0.00171099718981351,0.00145444314463137,0.00177716378310745,0.00145269849181633
40176,0.834190653968368,0.0260684591587265,0.0168545846765538,0.0270883898142301,0.0114499596674369,0.00984135208391438,0.0145734937336562,0.00585735064458879,0.00899322223321125,0.00425463545496702,0.00531124528929239,0.00323670689350794,0.00430074726593076,0.0030956841681048,0.00246724012861639,0.00245693972871805,0.00205210422093174,0.00195234596179725,0.00223053851074841,0.00198945351963284,0.00168569588446212,0.00156178434432004,0.00144169831646229,0.00186082682347456,0.00118332853370993,0.00124060840631746,0.00152185803850132,0.00123909252981887
40177,0.83605752114898,0.025631802270882,0.0165589994291448,0.0272180497567788,0.0112426631916841,0.00966127179414382,0.0145426243661317,0.00574687447614504,0.00893782507471764,0.00417319492621636,0.0052604261893585,0.00317408206042763,0.00425474068062657,0.00305781685329156,0.00241906149907906,0.00242458682959014,0.0020118097493194,0.00192502030877251,0.00220036362068894,0.00196173638950912,0.00165241883708523,0.00153880488619676,0.00141312768507182,0.00183448217040075,0.00115977343337413,0.00122153593523047,0.00149934716790493,0.0012200392692483
40178,0.82783066141556,0.0256999388643161,0.0166117233908969,0.0313763310423338,0.0112827239555052,0.00969695017938145,0.0161433767777955,0.00577026251142181,0.00970740838413812,0.00419096268380519,0.00560999804343131,0.00318803570983516,0.00451025157936419,0.00321510919084624,0.00242998628155284,0.00253669192780862,0.00202104148049,0.00200521860282689,0.00229771673723109,0.00204415896468214,0.00166011792465245,0.00159685089026237,0.00141978435766356,0.00190928119885264,0.00116530546924489,0.00126320934981973,0.00155526343412713,0.00126163965215505
40179,0.822841077816502,0.0260339462614051,0.0168410635493327,0.0331702000719382,0.0114450867415051,0.0098384312875742,0.0168797995132044,0.00585780546667293,0.0100871515233035,0.0042557606458446,0.00579952056507442,0.00323800879043121,0.00465477599033743,0.00331060118694898,0.00246852702620627,0.00260844322746182,0.0020533228906814,0.00205943937134815,0.00236146233730608,0.00209962974098686,0.00168681522082489,0.0016383164615854,0.00144272924207529,0.00196044669546173,0.00118424457206397,0.00129477049598167,0.00159546791827107,0.00129315538967072
40435,0.461289033944412,0.181079446752091,0.0825122185800253,0.0401541999896348,0.0450236617347388,0.0360922654519689,0.0267229189926526,0.0177674625615441,0.0163839376479753,0.0118147895987907,0.00962315095415591,0.00844173117897999,0.0077781167461308,0.0055848523177321,0.00610404378258826,0.00442581622930504,0.00492059813583988,0.00351216069146074,0.00401565085257454,0.0035792869675716,0.00392291428649212,0.00280630620735551,0.00328377023217112,0.00334665090025265,0.00262988863361543,0.00222682027646494,0.00273421887568358,0.00222408747779292
40436,0.524981541148481,0.153081488310288,0.0722306830500871,0.0359408099675928,0.0401772051245501,0.0323917669843927,0.0241477007875336,0.0161812602386176,0.0149417784470389,0.0108290476193988,0.00884465520504064,0.00777140676336947,0.0071673786269961,0.0051644650157229,0.00563956449524626,0.00410146985688058,0.00455567245476849,0.00326097022852161,0.00372444207310668,0.00332280475091838,0.00363913214719869,0.00260989841069025,0.0030504804822444,0.00310844892652614,0.00244691386387855,0.00207411575941331,0.00254331314844457,0.0020715861130518
40437,0.538225047725911,0.14518876416554,0.0698706453786125,0.0352160508593601,0.0392975007009905,0.0317882523496359,0.023792978169983,0.0160171854923378,0.0148023041193913,0.0107599488436015,0.00880266702559137,0.00774199381912456,0.00714435006558639,0.00515870464570888,0.00563028209057887,0.00410216709765116,0.00455386032654425,0.00326524938750562,0.00372692279290726,0.00332687002235376,0.00364197722521364,0.00261591312325515,0.00305542550506194,0.00311322027996647,0.00245320761078784,0.00208079487033685,0.00254944971817199,0.00207826658829041
40438,0.75058463100165,0.0337536838201244,0.0221946535524601,0.0504412235051242,0.015263604106336,0.0131745239932465,0.0251190907998304,0.00793803199830011,0.0148299525482287,0.00580156389221267,0.00844212070594406,0.00443364299133428,0.00675390392734625,0.00478271773763926,0.00339299286520126,0.0037584531610518,0.00282885238413629,0.00296056227064455,0.00339916427431725,0.00301887744844216,0.00232916440388651,0.00235049840061624,0.00199540494956762,0.00281699374765403,0.00164101863646434,0.0018542365179183,0.00228852965077538,0.00185190670954734
40439,0.775780018669945,0.0310783577660366,0.0203191808048838,0.044593802857306,0.0139156873343421,0.0119938732154023,0.0222766293136113,0.00719638359732466,0.0131746690372825,0.00524844198031766,0.00751045683183575,0.0040046779040765,0.00601131143404023,0.00425948564814115,0.00306055389717261,0.00334852207937822,0.00254958443126754,0.00263851878330728,0.0030288517881736,0.00269042254104196,0.00209754413114285,0.00209540532671724,0.00179592518859973,0.00251072632632408,0.00147596762455628,0.00165342637428124,0.00204022411466646,0.00165135099882556
40705,0.412065307996288,0.204895224957703,0.0904991920051422,0.043197756260924,0.0485631788503236,0.0387386062635479,0.0285148106667899,0.0188332734817278,0.0173465559123961,0.0124560623998577,0.0101219325331318,0.00886719696166866,0.00816355036242483,0.00584437684615646,0.00639243698980361,0.0046231906495795,0.00514410164007133,0.00366298043373592,0.00419184403169767,0.00373344817772216,0.00409438099410837,0.00292280498676274,0.00342331947876107,0.00348928779093098,0.00273805392597967,0.00231634127341142,0.00284730011112193,0.00231348401823166
40706,0.43209023519448,0.19494255150408,0.0872481577477858,0.0419860743768961,0.047149203969844,0.0376883942271425,0.0278099068528114,0.0184188165157881,0.0169730650379263,0.0122094412905778,0.00993113778772005,0.00870499118437864,0.00801690902850042,0.00574643169391766,0.00628336577718281,0.00454910108994855,0.00506000028468374,0.00360665490622894,0.00412584937612165,0.00367585118502827,0.00403018987930698,0.00287950177705367,0.00337127799266135,0.00343607336436292,0.00269790133071628,0.00228321874951952,0.00280528954697939,0.00228040832835703
40707,0.469067958962652,0.175393409681284,0.0810931851736468,0.0398283131263764,0.0446023632010117,0.0358389151685223,0.0266101944797478,0.0177494305354015,0.0163765448143816,0.0118337855542281,0.00964952769358243,0.008470490221259,0.00780768635489965,0.00561415063234948,0.00613383949287441,0.00445293732416405,0.00494883589319443,0.00353642823882471,0.00404162259947351,0.00360380109897705,0.00394859695320038,0.00282759792815053,0.00330715259563801,0.00337028418020372,0.002650321589691,0.00224510464686161,0.00275516550006308,0.00224235635934087
40708,0.658542038977713,0.0434017910225214,0.0291605121745255,0.0696626419417046,0.0203760666713951,0.0176845837498914,0.0351525438890362,0.0108301292434834,0.0209072134097343,0.00798071122759976,0.0119736237847275,0.00613645018254162,0.00959797939543873,0.00681465193213343,0.00472128405946816,0.00536374789142992,0.00394911536822897,0.00423097166750852,0.00485395364995317,0.0043138442744958,0.00326186546057929,0.00336316298810463,0.00280092770159434,0.00402688637590067,0.00230967032277649,0.00265601588644441,0.00327492352596542,0.00265269322510478
40709,0.692881033728072,0.0397110346668161,0.0264579746763019,0.0632909046844806,0.0183727926197827,0.0159114119101784,0.0315759056454881,0.00968202465918787,0.0186609685304339,0.00711148681953552,0.0106317932271508,0.00545484065477484,0.00850798740239151,0.00602703692447609,0.00418797298485697,0.00473732278281713,0.00349850302012213,0.0037323403800775,0.0042848165908848,0.00380580113139058,0.0028860306582191,0.00296372948067041,0.00247592041702985,0.00355147732262629,0.00203948418866906,0.00233834808823449,0.0028856450448108,0.00233541176052029
40711,0.608936031327963,0.043816535023798,0.0296044775783258,0.0951466714959054,0.020773081001227,0.0180555096206572,0.0442172319976867,0.0111053016537298,0.0251473372953867,0.00820160240294338,0.0138932109330139,0.0063167258144061,0.0110085405898339,0.00769613473051582,0.00486702282913371,0.00600153961881266,0.00407461502236736,0.00469570813378273,0.00541189659721171,0.00479069330590827,0.00336842828144835,0.00370662047220998,0.00289425690995155,0.00446217897927095,0.00238837982160551,0.00290867924954274,0.00360664103418113,0.00290494827918019
40979,0.269708518088024,0.268161286558452,0.123257638207678,0.0492839921795366,0.0614153095090644,0.047963486951854,0.0319962631242055,0.022122444849417,0.019161014191737,0.0143099639092143,0.0110356682359318,0.0100354736839073,0.00886242425067331,0.00630803322632786,0.0071474590320341,0.00497244734677071,0.00571162588006702,0.00392749313830814,0.00450243189788218,0.00400401215255876,0.00451643465718107,0.00312548421686251,0.00375878259074765,0.0037390039260371,0.00299075910563969,0.00247088523413743,0.00304385683959288,0.00246780701615761
40980,0.291252895257324,0.268763078217804,0.113160204589899,0.0487253324005044,0.0574416097167221,0.0450947697995906,0.0315709701342339,0.0210667738269064,0.0188712643741915,0.0136997603365681,0.0108521708872562,0.00964180889048153,0.00871070661046874,0.00619586581640378,0.0068867989071659,0.0048820367721791,0.00551239608536285,0.0038546971027944,0.00441987594432401,0.00392990715987047,0.00436560367875794,0.00306660363219168,0.00363719423321013,0.00366944575973283,0.00289754151847653,0.00242364879983875,0.00298641355074983,0.00242062599699148
40981,0.331333615455961,0.249691723940713,0.103541378045475,0.0475952323094993,0.0537770310950233,0.0424939426053791,0.0309316516731696,0.0201745380848139,0.0185413421350225,0.0132088107358474,0.0106872751801721,0.00933879934390667,0.00858487417082257,0.00611262677292665,0.00669501596445517,0.00481943822777431,0.00537027726399866,0.00380735158410845,0.00436424153013399,0.00388147360633887,0.0042615108897221,0.00303036520139451,0.00355545270600869,0.0036247599356999,0.00283689628778834,0.0023960423376486,0.00295127378825399,0.00239305912794244
40982,0.363451270721077,0.230850090258116,0.0983774567612555,0.0459541882825791,0.0518119522202198,0.0411057168105817,0.0300628232626558,0.0197119435227911,0.0181328693073359,0.0129609221716304,0.0105057505073865,0.00918991213600846,0.00845329939038923,0.00603266488624428,0.00660365050650195,0.00476296120385415,0.00530411876825844,0.0037673149682232,0.00431538291935985,0.00384029564301496,0.00421432185993146,0.00300164761950225,0.00351921677093337,0.00358749046360016,0.00281080405789114,0.00237562107278454,0.00292363920525767,0.00237267470261649
40983,0.584344692697518,0.0500615349144663,0.0342299028132607,0.0854017011328396,0.0242355965173747,0.0211315223184956,0.0435717477310546,0.0131198523889327,0.0260758869824187,0.0097361920471311,0.0150101170102667,0.00752576187141784,0.0120520552371619,0.00857627848954379,0.00581698893512435,0.0067594654678158,0.00487936110437948,0.00533829211893311,0.0061201949636873,0.00544235123129645,0.00404135114421082,0.00424772678579621,0.0034772744771678,0.00508197003390983,0.00287412811329684,0.00335774870101169,0.00413674082334644,0.00335356394814115
40984,0.609120077261288,0.0474382327367455,0.0322209318625869,0.0818895619079155,0.022698761830692,0.0197566316385481,0.0411820293120044,0.0122018059428009,0.0244466351977683,0.00903044673145451,0.0139788118463206,0.00696608777307998,0.011199629526541,0.00794639957478307,0.00537479913451586,0.00625195225918822,0.00450353137811119,0.00492980371281656,0.00565684404381598,0.00502650574975812,0.00372609000233832,0.00391743314125011,0.00320351085301263,0.00469167908766201,0.00264544265336055,0.00309285833624293,0.00381452173404793,0.00308898477135051
40985,0.608493637589637,0.0458920770763906,0.0311032812126323,0.0876695601090045,0.021875717291483,0.0190294033900982,0.0426268768670916,0.0117327119534358,0.0248373698092326,0.00867571642785103,0.0139891666796394,0.0066880845426777,0.0111532100544321,0.00786168661076101,0.00515734872894259,0.00616090331398654,0.0043198189951817,0.00484118737388735,0.00556604255330518,0.0049374751074574,0.00357286987409998,0.00383556452300932,0.00307101077382018,0.00460424960903153,0.00253528672603209,0.0030199848525521,0.00373359639813435,0.00301616155619248
40986,0.609968687163693,0.0447440806592148,0.0302693746096553,0.0910775043336405,0.021259757009626,0.0184846351439351,0.0432920347254081,0.0113804304448286,0.0249180004277488,0.00840902225305587,0.0138977406977065,0.0064789147392725,0.0110455142076401,0.0077531406380708,0.0049936359612252,0.00606055930403984,0.00418145630986422,0.00475185687599446,0.00547012898290789,0.00484719241103303,0.00345743292269761,0.00375768751139126,0.00297116031364987,0.00451736678882881,0.00245225198526464,0.00295357826245124,0.00365704159455382,0.00294981372260221
40987,0.589168300563043,0.044939591969812,0.0304808473495217,0.101800621249558,0.0214501727678382,0.0186629520967959,0.0470010341381982,0.0115136108685804,0.0266388570150193,0.00851629370495783,0.0146775292062031,0.00656668226107335,0.0116200298824492,0.00811437949177445,0.00506474467896566,0.00632339393159458,0.00424277161092422,0.00494460307970925,0.00570065515662886,0.00504485324744491,0.00350956390639649,0.0039011146849783,0.00301686066967888,0.0046981589662826,0.00249083595481795,0.0030598960353256,0.00379568141091446,0.00305596410151436
40988,0.540177924555312,0.0466405005166793,0.0319086293824785,0.121373230788777,0.0236186266296053,0.0197098143982638,0.0544326544374368,0.0122426251334184,0.0303897800471248,0.00908729347830531,0.0165487475845824,0.00702539721146119,0.0130528858708807,0.00907025615160185,0.00543105988916232,0.00704765017035066,0.00455606262162108,0.00549693079276409,0.00634652790765649,0.00560947881950018,0.00377392120877192,0.00432747633212695,0.00324738797306687,0.00522039701279202,0.0026843246429553,0.0033876351996989,0.00420953229527244,0.0033832489483332
41261,0.251197790940981,0.265549194896287,0.131549872084415,0.0500487565552562,0.0649566144511757,0.0506015701173312,0.0326131495817646,0.023196663646318,0.0195984258467314,0.0149668694035416,0.0113200516560842,0.0104784317438052,0.00909935059762502,0.00648489016144329,0.00745281632840293,0.00511578608697868,0.00595100708195483,0.00404344464914501,0.00463358629551418,0.00412200670374095,0.00470230743142223,0.00321963623128722,0.00391147368041364,0.00384989621440742,0.00311046481215763,0.00254667994780839,0.00313574874936307,0.00254351410464427
41262,0.245180373407614,0.281365992486822,0.129572001070118,0.0500153439759951,0.0634224989258051,0.0492869997412901,0.0323151496762474,0.0224618681427309,0.0192650032807442,0.0144578071090462,0.0110544867729783,0.0101057664318343,0.00886679300679414,0.00630084921066438,0.0071784898859246,0.00496188300504295,0.00572772668438218,0.00391574368617107,0.0044911661879508,0.00399230244581713,0.00452276119251437,0.00311380080885577,0.00376030032315391,0.00372718985071962,0.00298862327864125,0.00245996030477404,0.0030322318331346,0.00245688727423328
41264,0.296673508200027,0.27195540770162,0.109029162057149,0.0491546074354584,0.055681399120328,0.0437880056445878,0.0316947609390705,0.0205430086863444,0.0188594881366368,0.0133828348032148,0.0108050267486451,0.00942996588217782,0.00866232121964216,0.00615136013635135,0.00674195378755612,0.00484216888324444,0.00539943672637381,0.00381988672055869,0.00438211825458742,0.00389468042980112,0.00427835179995052,0.00303662863373053,0.00356579839322051,0.00363569349653539,0.00284182781496354,0.00239830830719226,0.00295698116213063,0.00239530887890133
41265,0.268460986100245,0.285838889209654,0.113410115745639,0.0508303984990458,0.0576241021428701,0.0452503817049985,0.032698082131613,0.0211536721041056,0.0194138267652495,0.0137601340640971,0.0111026274850027,0.00968612473090061,0.00889569352322951,0.00631210665580573,0.00691950384956866,0.0049663388768756,0.00553905809911096,0.00391620184596863,0.00449367152690102,0.00399301078435886,0.00438707739997832,0.00311207262357892,0.00365529564543465,0.00372706182138259,0.00291215053852935,0.00245708268172473,0.00303032773997623,0.00245400570415493
41266,0.241278334518813,0.292116311302087,0.117609022681754,0.0531504980397204,0.0601888145844978,0.0473607222785179,0.0343045500032747,0.0222516916768964,0.0204308652831332,0.0145048703374526,0.0117139902977454,0.0102248077468714,0.00939330183692822,0.00667262154124551,0.00731266356024542,0.00525352342150926,0.00585762528439226,0.00414511281096155,0.00475474849078497,0.00422621789051904,0.0046422397130369,0.00329565886952545,0.00386957124505087,0.00394536966709085,0.00308436440507664,0.00260324361929748,0.00320926923233991,0.00259998966123205
41267,0.222680484899066,0.298571442533356,0.120599164709167,0.0546028099654814,0.0618183780347633,0.0482465426200568,0.035268243970754,0.022755065348749,0.0210194620827056,0.0148569495852157,0.0120583609417545,0.010484371319027,0.00967125283924035,0.00687179338835745,0.00750488105613816,0.00541115819536919,0.00601463272097894,0.00427005970472999,0.00489770223359149,0.00435356452029664,0.00476892323197268,0.00339539127926866,0.00397649527399631,0.00406440098510097,0.0031707813066694,0.00268230497964349,0.00330642866654224,0.00267895360800791
41268,0.523501775508182,0.0560208448404893,0.0389584077727624,0.0936779840778683,0.0279420292511409,0.0244745678182936,0.0494223867887354,0.0154049236785745,0.0301509426374603,0.0115132273091389,0.0176354100722029,0.00894699591964556,0.0142345131525832,0.0102015190472786,0.00694814762153033,0.00807514162732572,0.00584503931074371,0.00640165075540478,0.00732355191178789,0.00652451436635904,0.00485489600938196,0.0051106081304058,0.00418595024023959,0.00609877465480815,0.00346826204138142,0.00405203506037311,0.00497885437675522,0.00404704601914744
41269,0.543554636636473,0.0538676902114422,0.0372342427488318,0.0919568425395427,0.0265813539053192,0.0232443984394952,0.0477565445960625,0.0145581657208347,0.0288709777674536,0.0108523710115,0.0167589400225609,0.00841704261980522,0.0134932479699665,0.00963752897005724,0.00652536838571737,0.00761299859897415,0.0054835922820087,0.00602430155500816,0.00689895568337709,0.00614078988240967,0.0045499647911606,0.00480179657719831,0.00392005337769976,0.00573724777885104,0.00324507563688777,0.00380168869659238,0.00467720316162791,0.00379698043314276
41270,0.561623071410994,0.0514987935646508,0.0353876718223141,0.0916293716428953,0.0251498056343945,0.0219577064289962,0.0465718261325149,0.0136869661603618,0.0278115341087704,0.0101778321743129,0.0159809242410497,0.00787923763991638,0.0128241347720898,0.00911858883538675,0.00609844871996935,0.00718350703465145,0.00511969267294731,0.00567082651776122,0.00650295875145877,0.00578155337921505,0.00424384812073558,0.00451071465938523,0.00365368010862334,0.00539810316875501,0.00302202739565022,0.00356446821523053,0.00439268668370986,0.0035600200032601
41271,0.57378790689723,0.0493167122994829,0.0337284626280943,0.0933949464788744,0.0238847688652826,0.0208269170202926,0.0462411844962923,0.0129331254893813,0.0272127474650328,0.00959853692059282,0.015450832661182,0.00741988978202959,0.0123506041372163,0.00873605682490137,0.00573551662863634,0.00686045690581068,0.00481120644667329,0.00540079277848459,0.00620301054151583,0.0055074295148229,0.00398505200100467,0.00428567528087923,0.00342892810170038,0.00513829136849937,0.00283425874590396,0.00337924487984036,0.00417245385161401,0.00337499098872956
41272,0.592182582355961,0.0469553950833394,0.0319322047576162,0.0924714728875509,0.022516202850749,0.0196040955853454,0.0448101730424598,0.0121193122522344,0.0260615709527121,0.00897384413357512,0.0146569998456866,0.00692499882119632,0.0116800982352095,0.00822784403602832,0.0053448403420144,0.00644538456556308,0.00447932263946996,0.00506303642415684,0.00582220677838957,0.00516387001110306,0.00370678355759282,0.00401017964218234,0.00318736747564433,0.00481492936415943,0.00263254892567696,0.0031566439307949,0.00390344799535022,0.00315264350823843
